x y v
0 0 3
1 0 1
2 0 3
3 0 3
4 0 1
5 0 3
6 0 1
7 0 3
8 0 1
9 0 1
0 1 1
1 1 3
2 1 3
3 1 3
4 1 1
5 1 1
6 1 1
7 1 3
8 1 1
9 1 1
0 2 0
1 2 0
2 2 3
3 2 2
4 2 1
5 2 3
6 2 1
7 2 1
8 2 1
9 2 2
0 3 3
1 3 3
2 3 3
3 3 2
4 3 1
5 3 3
6 3 1
7 3 1
8 3 1
9 3 3
0 4 1
1 4 3
2 4 3
3 4 3
4 4 1
5 4 3
6 4 1
7 4 1
8 4 1
9 4 3
0 5 1
1 5 1
2 5 3
3 5 2
4 5 1
5 5 1
6 5 3
7 5 1
8 5 1
9 5 3
0 6 1
1 6 3
2 6 3
3 6 3
4 6 1
5 6 3
6 6 3
7 6 3
8 6 1
9 6 3
0 7 1
1 7 3
2 7 3
3 7 3
4 7 1
5 7 1
6 7 1
7 7 3
8 7 1
9 7 3
0 8 1
1 8 3
2 8 3
3 8 3
4 8 1
5 8 3
6 8 1
7 8 1
8 8 1
9 8 1
0 9 3
1 9 3
2 9 3
3 9 3
4 9 3
5 9 1
6 9 3
7 9 3
8 9 3
9 9 1
0 10 3
1 10 3
2 10 3
3 10 3
4 10 1
5 10 3
6 10 1
7 10 1
8 10 1
9 10 2
0 11 1
1 11 1
2 11 3
3 11 2
4 11 1
5 11 3
6 11 1
7 11 1
8 11 1
9 11 2
0 12 1
1 12 1
2 12 3
3 12 3
4 12 2
5 12 1
6 12 3
7 12 3
8 12 1
9 12 2
0 13 3
1 13 3
2 13 3
3 13 3
4 13 2
5 13 1
6 13 3
7 13 3
8 13 1
9 13 3
0 14 1
1 14 3
2 14 1
3 14 1
4 14 1
5 14 1
6 14 1
7 14 1
8 14 1
9 14 1
0 15 1
1 15 3
2 15 3
3 15 2
4 15 1
5 15 3
6 15 3
7 15 3
8 15 1
9 15 3
0 16 3
1 16 3
2 16 3
3 16 3
4 16 2
5 16 3
6 16 1
7 16 3
8 16 1
9 16 2
0 17 1
1 17 3
2 17 3
3 17 3
4 17 1
5 17 1
6 17 1
7 17 1
8 17 1
9 17 1
0 18 3
1 18 3
2 18 3
3 18 3
4 18 1
5 18 1
6 18 3
7 18 3
8 18 1
9 18 2
0 19 3
1 19 3
2 19 3
3 19 3
4 19 1
5 19 1
6 19 3
7 19 3
8 19 1
9 19 2
0 20 3
1 20 3
2 20 3
3 20 3
4 20 1
5 20 1
6 20 3
7 20 3
8 20 1
9 20 1
0 21 1
1 21 3
2 21 3
3 21 2
4 21 2
5 21 3
6 21 1
7 21 3
8 21 1
9 21 2
0 22 3
1 22 3
2 22 3
3 22 3
4 22 1
5 22 1
6 22 3
7 22 3
8 22 1
9 22 1
0 23 1
1 23 1
2 23 3
3 23 1
4 23 1
5 23 3
6 23 3
7 23 1
8 23 1
9 23 1
0 24 1
1 24 1
2 24 3
3 24 3
4 24 3
5 24 1
6 24 3
7 24 3
8 24 1
9 24 1
0 25 1
1 25 3
2 25 3
3 25 2
4 25 2
5 25 3
6 25 1
7 25 3
8 25 1
9 25 2
0 26 3
1 26 3
2 26 3
3 26 3
4 26 1
5 26 3
6 26 1
7 26 3
8 26 1
9 26 1
0 27 1
1 27 1
2 27 3
3 27 2
4 27 2
5 27 1
6 27 1
7 27 3
8 27 1
9 27 1
0 28 1
1 28 3
2 28 3
3 28 3
4 28 1
5 28 1
6 28 1
7 28 1
8 28 1
9 28 1
0 29 1
1 29 1
2 29 1
3 29 1
4 29 1
5 29 1
6 29 1
7 29 1
8 29 1
9 29 1
0 30 3
1 30 3
2 30 3
3 30 3
4 30 3
5 30 3
6 30 1
7 30 1
8 30 1
9 30 1
0 31 0
1 31 0
2 31 3
3 31 3
4 31 3
5 31 1
6 31 3
7 31 1
8 31 1
9 31 1
0 32 0
1 32 0
2 32 3
3 32 3
4 32 1
5 32 1
6 32 3
7 32 1
8 32 1
9 32 1
0 33 0
1 33 0
2 33 3
3 33 3
4 33 1
5 33 3
6 33 3
7 33 1
8 33 3
9 33 3
0 34 3
1 34 3
2 34 3
3 34 3
4 34 3
5 34 1
6 34 3
7 34 1
8 34 1
9 34 3
0 35 1
1 35 3
2 35 3
3 35 3
4 35 1
5 35 1
6 35 3
7 35 1
8 35 1
9 35 1
0 36 1
1 36 3
2 36 3
3 36 3
4 36 1
5 36 1
6 36 1
7 36 3
8 36 1
9 36 1
0 37 1
1 37 3
2 37 3
3 37 3
4 37 1
5 37 1
6 37 3
7 37 3
8 37 3
9 37 3
0 38 3
1 38 3
2 38 3
3 38 3
4 38 2
5 38 3
6 38 1
7 38 3
8 38 1
9 38 2
0 39 1
1 39 3
2 39 3
3 39 3
4 39 1
5 39 3
6 39 1
7 39 1
8 39 1
9 39 2
0 40 3
1 40 3
2 40 3
3 40 3
4 40 1
5 40 3
6 40 3
7 40 3
8 40 1
9 40 3
0 41 3
1 41 3
2 41 3
3 41 3
4 41 3
5 41 1
6 41 1
7 41 3
8 41 1
9 41 2
0 42 1
1 42 3
2 42 3
3 42 3
4 42 1
5 42 3
6 42 1
7 42 3
8 42 1
9 42 2
0 43 0
1 43 0
2 43 3
3 43 2
4 43 1
5 43 3
6 43 0
7 43 0
8 43 0
9 43 1
0 44 0
1 44 0
2 44 3
3 44 3
4 44 1
5 44 3
6 44 0
7 44 0
8 44 0
9 44 2
0 45 1
1 45 1
2 45 3
3 45 3
4 45 1
5 45 1
6 45 0
7 45 0
8 45 0
9 45 1
0 46 3
1 46 3
2 46 3
3 46 3
4 46 1
5 46 3
6 46 0
7 46 0
8 46 0
9 46 3
0 47 1
1 47 3
2 47 3
3 47 3
4 47 1
5 47 3
6 47 0
7 47 0
8 47 0
9 47 2
0 48 0
1 48 0
2 48 3
3 48 2
4 48 1
5 48 3
6 48 0
7 48 0
8 48 0
9 48 1
0 49 3
1 49 3
2 49 3
3 49 3
4 49 2
5 49 3
6 49 0
7 49 0
8 49 0
9 49 3
0 50 3
1 50 3
2 50 3
3 50 3
4 50 2
5 50 3
6 50 0
7 50 0
8 50 0
9 50 2
0 51 3
1 51 3
2 51 3
3 51 3
4 51 2
5 51 3
6 51 0
7 51 0
8 51 0
9 51 3
0 52 3
1 52 3
2 52 3
3 52 3
4 52 2
5 52 1
6 52 0
7 52 0
8 52 0
9 52 2
0 53 1
1 53 3
2 53 3
3 53 2
4 53 1
5 53 3
6 53 0
7 53 0
8 53 0
9 53 2
0 54 3
1 54 3
2 54 3
3 54 3
4 54 2
5 54 1
6 54 0
7 54 0
8 54 0
9 54 3
0 55 1
1 55 3
2 55 3
3 55 2
4 55 1
5 55 3
6 55 0
7 55 0
8 55 0
9 55 2
0 56 3
1 56 3
2 56 3
3 56 2
4 56 2
5 56 3
6 56 0
7 56 0
8 56 0
9 56 2
0 57 3
1 57 3
2 57 3
3 57 3
4 57 2
5 57 1
6 57 0
7 57 0
8 57 0
9 57 3
0 58 3
1 58 3
2 58 3
3 58 3
4 58 1
5 58 3
6 58 0
7 58 0
8 58 0
9 58 2
