x y value label
0 0 70 70
1 0 49 49
2 0 36 36
3 0 25 25
0 1 27 27
1 1 50 50
2 1 37 37
3 1 41 41
0 2 5 5
1 2 10 10
2 2 17 17
3 2 22 22
0 3 5 5
1 3 6 6
2 3 4 4
3 3 8 8
0 4 0 0
1 4 1 1
2 4 11 11
3 4 14 14
0 5 0 0
1 5 0 0
2 5 2 2
3 5 6 6
0 6 0 0
1 6 1 1
2 6 1 1
3 6 7 7
0 7 0 0
1 7 3 3
2 7 1 1
3 7 3 3
0 8 0 0
1 8 8 8
2 8 10 10
3 8 14 14
0 9 0 0
1 9 2 2
2 9 8 8
3 9 10 10
0 10 22 22
1 10 7 7
2 10 11 11
3 10 10 10
0 11 0 0
1 11 1 1
2 11 1 1
3 11 8 8
0 12 0 0
1 12 6 6
2 12 3 3
3 12 12 12
0 13 3 3
1 13 9 9
2 13 20 20
3 13 16 16
